"x" "y" "B1" "B2" "B3" "Y"
"1" 0 0 -0.323965574060053 -0.27060738175093 0.325195381158344 0.251046577420615
"2" 0.0526315789473684 0 -0.780742089719004 -0.19423447685286 0.356828363126329 -2.81888830059936
"3" 0.105263157894737 0 -1.18063788146609 -0.0128159724079562 0.344981085787142 -1.40711341908659
"4" 0.157894736842105 0 -1.29796555875205 0.168642868756387 0.163881697758125 0.649886625727249
"5" 0.210526315789474 0 -1.15243099089074 -0.226571692550585 0.185048061938977 -0.951693876322752
"6" 0.263157894736842 0 -1.93819322269174 -0.319330397350217 0.074997168681699 2.3934403672126
"7" 0.315789473684211 0 -3.97730261125282 0.0286873561269342 0.260327678895359 -7.05301365165933
"8" 0.368421052631579 0 -5.4486918020081 -0.155870523968813 0.233926297530902 5.0574365473211
"9" 0.421052631578947 0 -3.7851056656759 0.0563240087852249 0.314426403050554 1.06944656719228
"10" 0.473684210526316 0 -3.3308322053724 -0.423664375842881 0.350212292743839 -2.69697840477016
"11" 0.526315789473684 0 -2.57724917318363 -0.194176595402245 0.336125994100453 -1.58807754116468
"12" 0.578947368421053 0 -4.75107580279673 -0.189277605641464 0.447664950112269 -8.16670634769232
"13" 0.631578947368421 0 -5.16488739942247 0.154376616484218 0.385614665476111 -11.7490122673331
"14" 0.684210526315789 0 -4.60597608170913 0.324847198372605 0.223010926648717 -8.08680071375922
"15" 0.736842105263158 0 -4.81787026623571 0.112360737220151 0.224148306624843 -5.47223319368423
"16" 0.789473684210526 0 -4.46338954463877 -0.129834253046171 0.377668641895648 0.715795214278294
"17" 0.842105263157895 0 -4.07354324615117 -0.555508831159512 0.470609659302716 -2.30790187925097
"18" 0.894736842105263 0 -1.89356842045407 -1.44434904617417 0.416064774441131 -5.87994698783647
"19" 0.947368421052632 0 -1.88484847731017 -1.37186065534718 0.7091936686001 -1.25977798280551
"20" 1 0 0.483358759307091 -1.62726259579961 0.671897110967866 -2.27412847598632
"21" 0 0.0526315789473684 0.347085868081795 0.348833199266198 0.371240012777783 -1.28218015554256
"22" 0.0526315789473684 0.0526315789473684 0.154060104573566 0.0406672415874778 0.199776885939908 0.530412313972417
"23" 0.105263157894737 0.0526315789473684 -0.623752935008731 -0.168716947688931 0.169236756225218 0.622358753885207
"24" 0.157894736842105 0.0526315789473684 -1.11245858212077 -0.0530327980816254 0.238336346443385 0.710149440393784
"25" 0.210526315789474 0.0526315789473684 -1.43412525865077 -0.167521176739621 0.11299107809835 -2.91657366193892
"26" 0.263157894736842 0.0526315789473684 -3.47517843485379 -0.0287957927703591 0.186616076714522 0.161887621952363
"27" 0.315789473684211 0.0526315789473684 -5.56454139270036 0.0146521399620834 0.233237386159859 -10.8096801096944
"28" 0.368421052631579 0.0526315789473684 -4.5145769137192 -0.538102684012629 0.204772479377929 -4.21477121170812
"29" 0.421052631578947 0.0526315789473684 -3.67875816831194 -0.351717229714041 0.289922186876732 -0.647222090291832
"30" 0.473684210526316 0.0526315789473684 -4.11746327914172 -0.0590370371900348 0.357492442354542 -1.52131035801601
"31" 0.526315789473684 0.0526315789473684 -4.77342580663258 -0.575031107888989 0.41053678008735 -10.1531908787278
"32" 0.578947368421053 0.0526315789473684 -5.91434767394272 -0.455157922944592 0.518650588749576 -9.45457717080782
"33" 0.631578947368421 0.0526315789473684 -6.13309406824828 -0.132027426851007 0.382696195311323 -17.0757800187014
"34" 0.684210526315789 0.0526315789473684 -5.11776498237596 -0.0499191736286129 0.27539617781413 -12.3182511648124
"35" 0.736842105263158 0.0526315789473684 -4.03030175253696 -0.261842245519448 0.355174206357383 -0.842204013178157
"36" 0.789473684210526 0.0526315789473684 -4.23627688744481 -0.297117809346158 0.420780925387465 -6.18422664963665
"37" 0.842105263157895 0.0526315789473684 -2.74049445993335 -1.02076592081426 0.443369925034555 1.88052165760712
"38" 0.894736842105263 0.0526315789473684 -4.09183025977856 -1.41628722941936 0.435399062133707 -2.61620276833864
"39" 0.947368421052632 0.0526315789473684 -3.02455309106714 -1.70837290029426 0.55434765185855 1.20378884032149
"40" 1 0.0526315789473684 -1.06848706856361 -1.67047033506052 0.638620539201243 0.857772219343603
"41" 0 0.105263157894737 0.758153316495975 0.146337038099641 0.195379646497862 -1.35034008299878
"42" 0.0526315789473684 0.105263157894737 0.186980651215545 0.473961582306314 0.338811861330162 1.1934744893709
"43" 0.105263157894737 0.105263157894737 -0.649949185792093 -0.00593686112035882 0.162783711897115 0.917191791751512
"44" 0.157894736842105 0.105263157894737 -1.46311011757953 -0.360407009249907 0.088590556170062 -5.27805658871687
"45" 0.210526315789474 0.105263157894737 -3.35627114605289 -0.0916537721005084 0.172968579737561 -1.04995559727716
"46" 0.263157894736842 0.105263157894737 -4.57214062142496 -0.135079341727502 0.18095258887746 1.56679089193889
"47" 0.315789473684211 0.105263157894737 -5.16026685092624 0.281478792443397 0.209236437968257 6.00011299812491
"48" 0.368421052631579 0.105263157894737 -5.62940446391413 0.252819203614976 0.0610084153664808 -0.203882904027674
"49" 0.421052631578947 0.105263157894737 -3.37927716111844 -0.383267111983513 0.201893965526972 -0.763103894737191
"50" 0.473684210526316 0.105263157894737 -3.08181658427288 -0.168065677400631 0.215623064488492 2.15036018126191
"51" 0.526315789473684 0.105263157894737 -4.63400969043202 -0.800459442446385 0.315182859418964 1.9968132530546
"52" 0.578947368421053 0.105263157894737 -5.51682130508551 -0.490393675054057 0.257490379069251 -6.19743820075645
"53" 0.631578947368421 0.105263157894737 -6.17910464167174 -0.327280935391695 0.372441747498936 -11.840714194705
"54" 0.684210526315789 0.105263157894737 -5.10605150902969 -0.337988885443342 0.487066228743709 -9.65940884902522
"55" 0.736842105263158 0.105263157894737 -4.48021043438506 -0.383874341209206 0.495880536870764 -4.17794730216785
"56" 0.789473684210526 0.105263157894737 -3.75961640745306 -0.470686482700316 0.435955344862064 -1.84033408990384
"57" 0.842105263157895 0.105263157894737 -3.47234877473004 -0.550908496663932 0.49306226131479 -7.96020756145646
"58" 0.894736842105263 0.105263157894737 -4.12727346495723 -1.11750129387949 0.496237695496663 4.30367798355513
"59" 0.947368421052632 0.105263157894737 -3.46440176324124 -1.25545583948421 0.39455416985112 1.03461024330033
"60" 1 0.105263157894737 -2.08889128885167 -1.63331860100098 0.672007537784718 -1.03111070425727
"61" 0 0.157894736842105 -0.668408860291656 0.368535179474155 0.0678333269278323 -1.05450283514265
"62" 0.0526315789473684 0.157894736842105 -1.72275700116762 0.0325620534596819 0.330828477235064 -0.0809630815341009
"63" 0.105263157894737 0.157894736842105 -1.23271919129498 0.108106820025628 0.202786713307243 0.662881127319297
"64" 0.157894736842105 0.157894736842105 -2.12916774727967 0.229401118527865 0.0930130643907491 -1.01239576785228
"65" 0.210526315789474 0.157894736842105 -3.40615403582933 0.569738512026346 0.0812450895771588 -1.40339643930054
"66" 0.263157894736842 0.157894736842105 -4.57685226879256 0.300366358314827 0.0342754619327236 -3.33296268466062
"67" 0.315789473684211 0.157894736842105 -5.15735231125287 0.324718550248749 0.112821896650592 -0.479058734339432
"68" 0.368421052631579 0.157894736842105 -4.52307835775879 0.53293436786122 0.0860732360789171 1.41542608836893
"69" 0.421052631578947 0.157894736842105 -3.41082517847868 0.138481076752713 0.157149863750939 -2.44175792216714
"70" 0.473684210526316 0.157894736842105 -3.67525682646228 0.062580757888467 0.235302152276598 -1.56832341635075
"71" 0.526315789473684 0.157894736842105 -4.70475074127858 -0.655703855725222 0.2685600689679 2.49996043873347
"72" 0.578947368421053 0.157894736842105 -4.52546986817042 -0.643210358950924 0.349399800831161 -0.47456862283563
"73" 0.631578947368421 0.157894736842105 -6.29831107616352 -0.452643421359816 0.353733235706844 -13.4907976810067
"74" 0.684210526315789 0.157894736842105 -6.59758797639562 -0.524491778783126 0.495106971597894 -6.01816546707133
"75" 0.736842105263158 0.157894736842105 -5.41868329188871 -0.61033835638136 0.577635169522589 1.99313341827809
"76" 0.789473684210526 0.157894736842105 -4.5948525362286 -0.506050401517087 0.512723729866696 -5.5245232618696
"77" 0.842105263157895 0.157894736842105 -3.86829442899244 -0.184628402826333 0.418398659149432 -4.9188812041083
"78" 0.894736842105263 0.157894736842105 -3.40357929722715 -0.765105335295821 0.429329471529676 1.02492095360113
"79" 0.947368421052632 0.157894736842105 -3.01927756316143 -0.684916675841344 0.374311826798142 3.12547552739274
"80" 1 0.157894736842105 -2.87090028133903 -0.84522746811142 0.412668921595711 -2.53397862358829
"81" 0 0.210526315789474 -1.88332643446013 1.01139679320616 0.00840696598669348 -0.765766878599182
"82" 0.0526315789473684 0.210526315789474 -3.02153398816589 0.453389578962568 0.224595684853338 -0.971044138744569
"83" 0.105263157894737 0.210526315789474 -0.590918167800329 0.622264894883407 0.14324360956541 -0.691508181714219
"84" 0.157894736842105 0.210526315789474 -2.13090545404891 0.554306800951971 0.132456791434806 -1.34589189074088
"85" 0.210526315789474 0.210526315789474 -4.71792542528464 0.760256395306766 0.0541070213940125 -3.68522165848899
"86" 0.263157894736842 0.210526315789474 -3.47736419022515 0.198990248663103 0.156394830685457 1.47803661927621
"87" 0.315789473684211 0.210526315789474 -4.41411661202021 0.595523203314908 0.102925686217337 -7.33963271855658
"88" 0.368421052631579 0.210526315789474 -3.71526709651753 0.398589380706241 0.082175234872907 -5.44972942447784
"89" 0.421052631578947 0.210526315789474 -2.92729206227212 0.107325222861603 0.298970917161067 1.6715423200623
"90" 0.473684210526316 0.210526315789474 -3.91512216391021 0.306285159654477 0.465345953361578 -1.99822537532672
"91" 0.526315789473684 0.210526315789474 -5.98530974229575 -0.508564396778866 0.460075433000429 -4.1029288110522
"92" 0.578947368421053 0.210526315789474 -5.77552626673166 -1.14558383649126 0.211714852827041 0.46703819858638
"93" 0.631578947368421 0.210526315789474 -6.34348716857819 -0.492112438282751 0.452528327587644 -2.25637660918028
"94" 0.684210526315789 0.210526315789474 -5.07691874874346 -0.723323812601502 0.504334378148869 -2.15556232047165
"95" 0.736842105263158 0.210526315789474 -4.0602287385656 -0.297042225214163 0.527075630483259 2.71293400155731
"96" 0.789473684210526 0.210526315789474 -3.29237877597594 -0.238085100308681 0.481147653980591 -2.79299454390096
"97" 0.842105263157895 0.210526315789474 -4.61292202243129 -0.215503569306343 0.363503569674235 -0.028290372919792
"98" 0.894736842105263 0.210526315789474 -2.83239339229167 -0.177387620607079 0.332289497340677 3.88315698992437
"99" 0.947368421052632 0.210526315789474 -3.14481744172894 -0.067508113144316 0.258755996492378 1.8724195740988
"100" 1 0.210526315789474 -2.79241336031478 -0.0844930312202991 0.432766291871688 -2.18310990894103
"101" 0 0.263157894736842 -2.5194068410734 0.854364342735527 0.149081261533338 -1.16654117763511
"102" 0.0526315789473684 0.263157894736842 -3.33452233328046 0.667320267918143 0.0908835010024274 7.40862387566186
"103" 0.105263157894737 0.263157894736842 -3.24755599905433 0.68776673059541 0.0380791152841682 3.09705091232775
"104" 0.157894736842105 0.263157894736842 -3.25541649734161 0.464910456239301 0.054928294545096 -4.20095209409802
"105" 0.210526315789474 0.263157894736842 -4.39893670583729 0.487648021396263 0.0893784588773234 -5.82331934531277
"106" 0.263157894736842 0.263157894736842 -4.79481735273198 0.287553489644499 0.181446284066965 -0.494723351291153
"107" 0.315789473684211 0.263157894736842 -3.72457622641026 0.258216771559004 0.141331869717146 -0.0787485822702554
"108" 0.368421052631579 0.263157894736842 -4.48191387230357 0.0806882597226473 0.1122715789572 -3.15319932414721
"109" 0.421052631578947 0.263157894736842 -4.26956221545502 -0.13630535396851 0.323571986707992 2.41732745032978
"110" 0.473684210526316 0.263157894736842 -3.78751840187255 0.407094218653691 0.460142714940561 -1.79237754319379
"111" 0.526315789473684 0.263157894736842 -5.69219940222739 -0.0329905549162188 0.363841571332626 -11.3704170943169
"112" 0.578947368421053 0.263157894736842 -6.31952122710909 -0.742287792827728 0.0908812211077004 -3.21734306149453
"113" 0.631578947368421 0.263157894736842 -6.60848783400029 -0.713730328713902 0.366585511159756 -1.99651028020489
"114" 0.684210526315789 0.263157894736842 -4.18788460171188 -0.669804802869661 0.527207442618235 3.89217594757907
"115" 0.736842105263158 0.263157894736842 -2.40293064619522 -0.258295153699805 0.515397664147509 -0.210844484505796
"116" 0.789473684210526 0.263157894736842 -2.07053050861497 -0.03816902694432 0.320715651880049 1.73006413772155
"117" 0.842105263157895 0.263157894736842 -2.30496745083872 -0.215984675388619 0.339662087807481 0.2391870499412
"118" 0.894736842105263 0.263157894736842 -2.45667174561097 -0.21371977866623 0.40804457387374 2.05450934610302
"119" 0.947368421052632 0.263157894736842 -3.58841548564083 0.0603772170726242 0.299944931200823 2.5887905824919
"120" 1 0.263157894736842 -3.22077524520623 -0.113031409652083 0.265251877718138 6.23724956918635
"121" 0 0.315789473684211 -3.81311457042291 1.00464081914904 0.0368209256152639 -2.09845505799714
"122" 0.0526315789473684 0.315789473684211 -2.79500949900257 0.782765903917717 0.0257977610395217 2.03306230005283
"123" 0.105263157894737 0.315789473684211 -3.03449773330484 0.669679069602144 0.146810009820785 2.98556248331618
"124" 0.157894736842105 0.315789473684211 -3.9917868096614 0.338457692123733 1.40627132864946e-05 2.65280746721202
"125" 0.210526315789474 0.315789473684211 -2.97620917628069 0.209282465005522 -0.0179176981225064 -1.03800988226083
"126" 0.263157894736842 0.315789473684211 -2.88399689302569 0.14976020674697 0.0807510138689388 -0.719338092428234
"127" 0.315789473684211 0.315789473684211 -4.74234339046453 0.405132898876684 0.186548823533131 -3.28025833521958
"128" 0.368421052631579 0.315789473684211 -5.63333529489046 0.436069049043846 0.356896874411268 4.57847375514141
"129" 0.421052631578947 0.315789473684211 -5.09824988456177 0.0308466774517808 0.509796890092495 4.66698878577241
"130" 0.473684210526316 0.315789473684211 -5.62023012328387 0.0645632444989898 0.521946188004194 3.38453807825063
"131" 0.526315789473684 0.315789473684211 -5.77662178390553 -0.137795285392912 0.434394274855961 -5.40693807595336
"132" 0.578947368421053 0.315789473684211 -5.81205734606691 0.0490047060034178 0.367260813631596 1.66833987144545
"133" 0.631578947368421 0.315789473684211 -4.72045351134248 -0.241967236813802 0.330984010038092 -0.492879438027047
"134" 0.684210526315789 0.315789473684211 -4.75633516601104 -0.23259739749632 0.641780854705153 -1.93649755263646
"135" 0.736842105263158 0.315789473684211 -2.86380227004035 0.12521811636752 0.581524085122241 -1.7938659355761
"136" 0.789473684210526 0.315789473684211 -2.21717721294625 0.431275262003817 0.541352350782325 -0.420677134643568
"137" 0.842105263157895 0.315789473684211 -1.21477422131866 -0.225038631292502 0.484659726813914 0.0585602813641306
"138" 0.894736842105263 0.315789473684211 -1.6937578613059 -0.551305557561971 0.470087224424543 1.79619501899245
"139" 0.947368421052632 0.315789473684211 -2.90862628913651 -0.689111511295017 0.456014309502135 0.322080202653386
"140" 1 0.315789473684211 -1.25615730459935 -0.606914535152297 0.394463583171374 0.000925224134133817
"141" 0 0.368421052631579 -3.75702313484598 1.04107038021513 -0.0188615593912097 0.767198167919798
"142" 0.0526315789473684 0.368421052631579 -3.32310211981431 0.531705971762813 0.0477970974746118 1.1836638677075
"143" 0.105263157894737 0.368421052631579 -3.36441696840723 0.827302516476708 0.136593047589444 -0.684364710592266
"144" 0.157894736842105 0.368421052631579 -3.993290455782 0.391584704012713 0.0965140618639236 6.10862185587462
"145" 0.210526315789474 0.368421052631579 -2.74478666427203 0.0909100002195216 0.0983304416576927 3.21847319666953
"146" 0.263157894736842 0.368421052631579 -2.93854852011589 0.235874629487556 0.13171965657053 4.04310671067312
"147" 0.315789473684211 0.368421052631579 -4.71781406664503 0.373016828023553 0.239461496900377 18.50583734889
"148" 0.368421052631579 0.368421052631579 -7.15464497259593 0.340039158697856 0.328231716377046 12.1583939992298
"149" 0.421052631578947 0.368421052631579 -6.11609415986688 0.0722141682878223 0.42031290440853 12.4269136396547
"150" 0.473684210526316 0.368421052631579 -6.06770471445305 0.151624564163602 0.487790004401523 6.99971416639586
"151" 0.526315789473684 0.368421052631579 -5.40984695296088 -0.0304803792997852 0.480652933050733 6.43509507148364
"152" 0.578947368421053 0.368421052631579 -4.065408986207 0.323723671579034 0.375840306407984 0.450542035898399
"153" 0.631578947368421 0.368421052631579 -2.2831039475122 0.354203573324036 0.436641510360749 -1.72799842614675
"154" 0.684210526315789 0.368421052631579 -2.55284825878142 0.319862887559047 0.534281169758147 0.182744611356456
"155" 0.736842105263158 0.368421052631579 -2.6688296386302 -0.169094869590193 0.503891193318484 -3.66412219570518
"156" 0.789473684210526 0.368421052631579 -3.17584675507305 -0.582706148081393 0.553764034308012 0.554607199928192
"157" 0.842105263157895 0.368421052631579 -1.34767194916043 -0.363513766541215 0.496832572068119 -0.0860068516382613
"158" 0.894736842105263 0.368421052631579 -0.134395644093426 -0.716809818612098 0.332115634206271 0.842063806296558
"159" 0.947368421052632 0.368421052631579 -0.188871343174673 -0.884964503294434 0.435656757402406 -1.36532368866022
"160" 1 0.368421052631579 1.22047946934587 -0.73452562186512 0.451250993191721 2.0007398314107
"161" 0 0.421052631578947 -3.70580192817837 0.664195161996408 -0.059274781940038 2.91990300041222
"162" 0.0526315789473684 0.421052631578947 -3.90425594286706 0.157480128297042 -0.122506579867496 -5.78442761896891
"163" 0.105263157894737 0.421052631578947 -4.21998044120217 0.816645194256344 -0.135657659710211 -2.54682745694543
"164" 0.157894736842105 0.421052631578947 -4.72385343323873 0.575651500808641 0.105559662326989 4.63417974263339
"165" 0.210526315789474 0.421052631578947 -4.77202214349293 0.251306148609677 0.160266838589562 3.07292090496003
"166" 0.263157894736842 0.421052631578947 -4.814464214515 0.559297966026561 0.148431817856983 5.47679934513387
"167" 0.315789473684211 0.421052631578947 -4.75286982941594 0.971789828217207 0.303283409838308 2.64268685749139
"168" 0.368421052631579 0.421052631578947 -6.19811383567591 0.674778425198188 0.432522093464775 4.53594244791911
"169" 0.421052631578947 0.421052631578947 -5.3570558577385 0.527957194585086 0.502500108830718 0.495503456822592
"170" 0.473684210526316 0.421052631578947 -4.68731074424303 0.118030308501323 0.485096594381574 -3.00265584954874
"171" 0.526315789473684 0.421052631578947 -4.55816101456948 0.020430595327956 0.483047308236028 -2.19496988261309
"172" 0.578947368421053 0.421052631578947 -3.45322452766875 0.285885669116951 0.405045875382068 -1.71771070600953
"173" 0.631578947368421 0.421052631578947 -2.75507083425735 0.590174163111722 0.332861456343641 0.0351208609468212
"174" 0.684210526315789 0.421052631578947 -2.96850210709883 0.579905564449032 0.430967206332829 5.21985438364735
"175" 0.736842105263158 0.421052631578947 -1.89855687555546 0.0628833115992513 0.351361680177056 -0.299673755584064
"176" 0.789473684210526 0.421052631578947 -2.09898603500364 -0.516229193615581 0.429943826245443 5.34911891194884
"177" 0.842105263157895 0.421052631578947 -0.412459715994761 -0.190888349783183 0.478935288957008 -1.35167399670017
"178" 0.894736842105263 0.421052631578947 -0.479155105054122 -0.694297702220966 0.380578367208159 1.01359387019977
"179" 0.947368421052632 0.421052631578947 0.126720654006613 -0.787606054823865 0.208047591553187 0.762455922020985
"180" 1 0.421052631578947 -0.996688525027547 -0.769278861009267 0.435566033985359 0.312716064333463
"181" 0 0.473684210526316 -4.71674038838829 0.134398720872351 0.0297198394518477 4.45380054214999
"182" 0.0526315789473684 0.473684210526316 -5.59116296769067 0.443706936342268 -0.0698065140251097 0.660757857028709
"183" 0.105263157894737 0.473684210526316 -5.4431879165449 0.253592612659387 0.00377560019620442 2.10531872832924
"184" 0.157894736842105 0.473684210526316 -5.9727139991184 0.216392548802211 0.0874002480302017 -1.16547195496659
"185" 0.210526315789474 0.473684210526316 -5.84977840946423 0.449730194910969 0.206150202273851 -5.23862649243907
"186" 0.263157894736842 0.473684210526316 -6.50947173652486 0.97363887261946 0.313552238719616 1.37421476760209
"187" 0.315789473684211 0.473684210526316 -5.46534642786951 1.03534966164905 0.256249747633566 -2.33148845450345
"188" 0.368421052631579 0.473684210526316 -5.42469957863923 0.827639584834428 0.358281351507221 -11.7189798984313
"189" 0.421052631578947 0.473684210526316 -5.05408746124364 0.553239615674507 0.355342727626712 -4.76458473465836
"190" 0.473684210526316 0.473684210526316 -4.53153401326582 0.564890365731284 0.416813424947385 -4.20732174329787
"191" 0.526315789473684 0.473684210526316 -3.73661031280521 0.145277396560318 0.426979164584154 -2.27866255111463
"192" 0.578947368421053 0.473684210526316 -2.8157495099017 0.199058170053186 0.284593801549354 2.21311307329699
"193" 0.631578947368421 0.473684210526316 -1.03342328623863 0.475845770929212 0.332215489414445 1.04934673720765
"194" 0.684210526315789 0.473684210526316 -0.192849629979695 0.52770046204992 0.170358760982157 1.26432723382826
"195" 0.736842105263158 0.473684210526316 0.323669498311671 0.295049956702826 0.226610260045252 0.990426131768209
"196" 0.789473684210526 0.473684210526316 -0.593182150870609 0.0510947674033598 0.297619647006181 0.465428422380383
"197" 0.842105263157895 0.473684210526316 0.773240730598739 -0.547892532280204 0.380214965492908 0.420999830340518
"198" 0.894736842105263 0.473684210526316 0.91294122166931 -0.78862369671702 0.313023922921832 1.51141565785802
"199" 0.947368421052632 0.473684210526316 -0.082758954435914 -0.558215022610258 0.253962788962633 -1.46214854489528
"200" 1 0.473684210526316 0.907803040603235 -0.621477754983067 0.268628866070009 -1.04101680256169
"201" 0 0.526315789473684 -4.29145745904374 0.771068417510007 -0.0346815830024904 2.25915717220181
"202" 0.0526315789473684 0.526315789473684 -5.58963307606224 0.980418898358536 -0.0667226770343068 -2.89439662824411
"203" 0.105263157894737 0.526315789473684 -5.95307103397602 0.531819574384109 -0.0197345365748264 1.44484785954097
"204" 0.157894736842105 0.526315789473684 -6.28094693978312 0.0541625234621601 0.049196826189728 -4.98178341486088
"205" 0.210526315789474 0.526315789473684 -6.20184550425962 0.379366978727812 0.0521405374639621 -14.5822314269202
"206" 0.263157894736842 0.526315789473684 -5.96263578887303 0.921677230858651 0.0673849660098309 -12.4398189566668
"207" 0.315789473684211 0.526315789473684 -6.01310718846667 1.14971389798387 0.147357950128558 -3.13776527404264
"208" 0.368421052631579 0.526315789473684 -5.64616861849479 0.947688418949509 0.34421984110578 -3.88676711363661
"209" 0.421052631578947 0.526315789473684 -3.34322232931194 0.664382326960061 0.358520405629436 -0.111582911619713
"210" 0.473684210526316 0.526315789473684 -5.21680564990569 0.661805176630459 0.280844729988999 2.74778246077664
"211" 0.526315789473684 0.526315789473684 -3.80909576265136 0.246631098227881 0.226574634403251 5.56497305793109
"212" 0.578947368421053 0.526315789473684 -2.04138417813587 0.577121951607947 0.098643390162436 2.1346184255479
"213" 0.631578947368421 0.526315789473684 -2.04271326274967 0.647698669925355 0.294118073384118 -1.09958248224403
"214" 0.684210526315789 0.526315789473684 -0.861360663278077 0.966298853131357 0.0560818647969435 1.11406089839514
"215" 0.736842105263158 0.526315789473684 -0.202383389593638 0.859352876959858 0.14100884335955 1.48437025418972
"216" 0.789473684210526 0.526315789473684 -0.226964915668638 0.0625794709906243 0.179019478857227 0.884389803980993
"217" 0.842105263157895 0.526315789473684 1.61070022800207 -0.307759927676141 0.402295325301194 0.984739070241527
"218" 0.894736842105263 0.526315789473684 0.355383233011069 -0.422877094427671 0.366961336191306 -0.982094043294125
"219" 0.947368421052632 0.526315789473684 0.139768904491247 -0.245100191346514 0.340070476913055 0.0892793217044584
"220" 1 0.526315789473684 0.537934953941062 -0.348271097828754 0.330880608342061 1.24923999525071
"221" 0 0.578947368421053 -7.20512756458884 0.792084012044491 -0.270438390110172 1.03593958147896
"222" 0.0526315789473684 0.578947368421053 -5.60107982738215 0.686180778198738 -0.028856157156218 -10.205482712742
"223" 0.105263157894737 0.578947368421053 -6.02091636624854 0.76054139577662 -0.0378574451114443 -8.50845071893297
"224" 0.157894736842105 0.578947368421053 -6.23803373745904 0.498480418994558 0.050855973407919 -1.92833596523605
"225" 0.210526315789474 0.578947368421053 -5.89279511426556 0.441119170956853 0.00373165749490387 -3.35263364802895
"226" 0.263157894736842 0.578947368421053 -5.43055166827713 1.19432194754012 -0.00038222409646417 -13.8566962770517
"227" 0.315789473684211 0.578947368421053 -5.02206503233263 1.47356948726946 0.183464400982644 -8.62082711296319
"228" 0.368421052631579 0.578947368421053 -5.08561794257779 1.05266948541925 0.310325464831393 3.53301084581656
"229" 0.421052631578947 0.578947368421053 -2.22139083161377 1.01004717440013 0.318616981808123 2.59402705188368
"230" 0.473684210526316 0.578947368421053 -3.31161420509725 0.434374117997385 0.295176801073499 1.03902756339008
"231" 0.526315789473684 0.578947368421053 -2.37251086363074 0.504805350650574 0.323330202669163 3.61612730873232
"232" 0.578947368421053 0.578947368421053 -1.97607467329053 1.03970132207263 0.140261731144011 -0.0138560306787838
"233" 0.631578947368421 0.578947368421053 -0.605505297924178 0.974968574056818 0.0643658520634422 2.29031467351093
"234" 0.684210526315789 0.578947368421053 -1.0811404069274 0.617005474694607 0.00951495648581904 -0.817768688614019
"235" 0.736842105263158 0.578947368421053 -0.830233556135964 0.48631986368902 -0.00550699807606489 0.769294643531415
"236" 0.789473684210526 0.578947368421053 0.898151763433854 0.339735620137523 0.25714659951054 -0.213066139120173
"237" 0.842105263157895 0.578947368421053 1.37744521565585 -0.121127310844297 0.322873825149539 1.45108052966115
"238" 0.894736842105263 0.578947368421053 0.862835439233384 0.252123172007936 0.261111997102615 -1.91256378495632
"239" 0.947368421052632 0.578947368421053 1.0058335184385 -0.205200369200153 0.34252037410913 -0.828780043388434
"240" 1 0.578947368421053 1.1873169529019 -0.453712121361025 0.213346927588227 -2.78974316436638
"241" 0 0.631578947368421 -5.80813547234755 1.00011451842543 -0.31768817649453 -5.08335138992162
"242" 0.0526315789473684 0.631578947368421 -6.04110832638697 0.9672144259731 -0.0960091848190894 -0.438194527679705
"243" 0.105263157894737 0.631578947368421 -6.82496011622461 0.879647208067032 0.0594050190823991 -4.73104730609485
"244" 0.157894736842105 0.631578947368421 -7.30088443411262 0.597631616998726 0.0486598219770821 -9.57822318621974
"245" 0.210526315789474 0.631578947368421 -6.54918835301396 0.35862111816643 0.0280903484415326 -12.761275912712
"246" 0.263157894736842 0.631578947368421 -5.88719416272426 0.852161161111583 0.14240518721476 -9.85513088797896
"247" 0.315789473684211 0.631578947368421 -4.53236237334663 1.32195319084386 0.228915221178521 -12.9273772724499
"248" 0.368421052631579 0.631578947368421 -0.182097000892742 1.12623121247615 0.407148132421936 1.29129828675786
"249" 0.421052631578947 0.631578947368421 -1.3912700900856 0.956468328940013 0.221116436745859 1.46640666032444
"250" 0.473684210526316 0.631578947368421 -0.280908105501777 0.602404689981313 0.190177973257871 0.0669401628222508
"251" 0.526315789473684 0.631578947368421 -1.88598856585718 0.938829263312182 0.203095887298364 -2.52173079580151
"252" 0.578947368421053 0.631578947368421 -1.3522128080733 0.863862540685906 0.306693083104055 -1.74117693730093
"253" 0.631578947368421 0.631578947368421 -1.62407529275897 0.936665832401257 0.102791936616761 0.00729000092804973
"254" 0.684210526315789 0.631578947368421 -0.605381715252635 0.570936626932365 -0.0140701226272748 -1.25096696278436
"255" 0.736842105263158 0.631578947368421 -0.349321158309671 0.515793098598658 -0.0379326984375818 1.17559703422686
"256" 0.789473684210526 0.631578947368421 2.46810608814208 0.499511416863648 0.0520637022737388 -3.21163280359282
"257" 0.842105263157895 0.631578947368421 1.95636829005717 0.551192502321986 0.0923403582484713 1.08530479002283
"258" 0.894736842105263 0.631578947368421 0.804468223574665 0.531306708721232 0.261434023591547 -0.114238961636994
"259" 0.947368421052632 0.631578947368421 2.25154811770207 -0.323810385590122 0.255896335671956 0.779653924674571
"260" 1 0.631578947368421 0.507908019166747 -0.383324358350785 0.295278580692099 2.01974640776646
"261" 0 0.684210526315789 -5.51995244421913 0.817570992356034 -0.324865962268887 -3.51997504293347
"262" 0.0526315789473684 0.684210526315789 -3.88528108022079 1.01209693481828 -0.348711700965291 -3.70659701576054
"263" 0.105263157894737 0.684210526315789 -4.85860955222381 1.17460581968665 -0.209883403067257 -2.85115166669251
"264" 0.157894736842105 0.684210526315789 -7.60874544412492 0.817640637596638 -0.0897862936822778 -11.567927099609
"265" 0.210526315789474 0.684210526315789 -7.23602445817842 0.642155489329365 -0.0901146566614091 -14.57698851393
"266" 0.263157894736842 0.684210526315789 -5.07182414333455 1.12849942268225 0.13602811598172 -1.77481906445085
"267" 0.315789473684211 0.684210526315789 -3.99171409468038 1.292731950871 0.15247303322084 -1.44235264870596
"268" 0.368421052631579 0.684210526315789 -2.67077428221818 1.03191674040787 0.304433501956718 -0.828282443357939
"269" 0.421052631578947 0.684210526315789 -0.686262607134776 0.580185434854713 0.143582900321335 1.3108847978645
"270" 0.473684210526316 0.684210526315789 0.321755689513427 0.794225109963808 0.290476760641877 -1.29551236902987
"271" 0.526315789473684 0.684210526315789 -0.0216270591985557 1.04799840327474 0.231907225618711 -2.26784943748558
"272" 0.578947368421053 0.684210526315789 -0.95234940905912 1.12422678297515 0.182857028056512 -3.72511916938853
"273" 0.631578947368421 0.684210526315789 -0.63593087275342 0.431615965991524 0.0623589739038347 1.31920240395985
"274" 0.684210526315789 0.684210526315789 0.928230683380925 0.81400735752614 0.0858573760351246 -1.79702116939803
"275" 0.736842105263158 0.684210526315789 1.48285119446602 0.419018974933004 -0.10964320792234 -2.28766747071994
"276" 0.789473684210526 0.684210526315789 1.90139200422931 0.419478223036737 -0.114664260670594 2.27602293356531
"277" 0.842105263157895 0.684210526315789 3.08705358744857 0.302508525895526 -0.11495733903682 1.59437781393232
"278" 0.894736842105263 0.684210526315789 1.96580458048298 -0.0738192521779184 -0.0238035856276844 2.59054269480294
"279" 0.947368421052632 0.684210526315789 0.50590367430657 -0.111277282085962 0.282917488586747 0.883989793852576
"280" 1 0.684210526315789 -0.28132044215722 -0.388018323764465 0.295067792321959 1.04769770971032
"281" 0 0.736842105263158 -4.56108236461302 0.516106404860725 -0.372557564126835 -6.69377948461085
"282" 0.0526315789473684 0.736842105263158 -4.05984519500563 1.12324967623252 -0.265616411299256 -0.179546500900022
"283" 0.105263157894737 0.736842105263158 -6.14875890544431 0.671147218038755 -0.189099792439267 -8.89417056022148
"284" 0.157894736842105 0.736842105263158 -3.84674499577657 1.00212936760247 -0.302886576192705 -11.6543210153644
"285" 0.210526315789474 0.736842105263158 -5.04024572926508 0.797427381427028 -0.127186621258281 -1.50503268029903
"286" 0.263157894736842 0.736842105263158 -2.95411247246778 0.846524493588374 0.0355876060190684 1.32594364994161
"287" 0.315789473684211 0.736842105263158 -3.21499936381895 0.924034048588573 0.0321609178302466 -0.462630652223649
"288" 0.368421052631579 0.736842105263158 -2.03054159076361 0.618516833877019 0.188722027579625 1.0095778931171
"289" 0.421052631578947 0.736842105263158 -1.04472892736316 0.84999183705507 0.0438088510749618 -1.01086809854548
"290" 0.473684210526316 0.736842105263158 -0.688000074770202 0.593873917180434 0.220414797662578 -0.521598731423228
"291" 0.526315789473684 0.736842105263158 1.09535706262983 0.858825190973101 0.234477624561049 -1.23382150694531
"292" 0.578947368421053 0.736842105263158 -0.739888574722979 0.928550459523499 0.0878685836819264 -2.04399640666911
"293" 0.631578947368421 0.736842105263158 0.53646521964499 0.749561241996628 0.141813355173613 -1.06308757039674
"294" 0.684210526315789 0.736842105263158 1.17917878144271 0.816713265745127 0.171512283971878 -3.6554056899475
"295" 0.736842105263158 0.736842105263158 1.73265523266503 0.373866490998718 -0.13522587957043 -1.20236768680059
"296" 0.789473684210526 0.736842105263158 1.56868509977516 -0.0628133784303766 -0.044578119883209 -1.5559124568861
"297" 0.842105263157895 0.736842105263158 2.21538479649482 -0.423640009291514 0.162429536431137 -1.47267052564221
"298" 0.894736842105263 0.736842105263158 0.551069804052721 -0.188619897161146 0.193180323067841 0.68460449753321
"299" 0.947368421052632 0.736842105263158 0.651899863451395 -0.144314051301655 0.226648540206461 0.736007763642671
"300" 1 0.736842105263158 -0.483253774470446 -0.360189440009017 0.222186702559207 0.845672979739032
"301" 0 0.789473684210526 -4.00557561946782 0.88544652847713 -0.327049000745608 -0.00336869831189202
"302" 0.0526315789473684 0.789473684210526 -3.81176837558003 0.917592051613337 -0.258388471181914 5.13618089297094
"303" 0.105263157894737 0.789473684210526 -4.7261016555599 0.837567922333936 -0.200375465575691 -2.94599598885283
"304" 0.157894736842105 0.789473684210526 -4.74721919034275 0.763567404313333 -0.201606523784708 -7.28484486827236
"305" 0.210526315789474 0.789473684210526 -4.95648971037318 0.250609139038349 -0.240197643210059 -1.72112576402027
"306" 0.263157894736842 0.789473684210526 -4.60436607152665 0.599424722114249 -0.107805889231173 -6.39081529691637
"307" 0.315789473684211 0.789473684210526 -3.22998290064477 0.642195307747951 0.0498053025081381 -1.25389051812341
"308" 0.368421052631579 0.789473684210526 -1.4131783611589 1.03951780174263 0.0125956584689279 -0.872527890128458
"309" 0.421052631578947 0.789473684210526 -0.623821573919385 0.629109971167166 0.0274327779455109 0.407105041071714
"310" 0.473684210526316 0.789473684210526 -0.82880058429073 0.852923305674521 0.135392489952327 -2.29738007389046
"311" 0.526315789473684 0.789473684210526 -0.54801233282036 0.947385755912083 -0.0149672428906271 -2.17369195428675
"312" 0.578947368421053 0.789473684210526 0.227059221117531 0.949735566670088 -0.0291758419038873 2.4630235788065
"313" 0.631578947368421 0.789473684210526 1.36344954279873 0.855690612727059 0.078334348644642 0.272079066131776
"314" 0.684210526315789 0.789473684210526 0.559843898035103 0.629237608646503 0.0875922479993421 -1.78927385792366
"315" 0.736842105263158 0.789473684210526 1.18149758879825 0.459613678146945 -0.055687537340408 -1.10239561232818
"316" 0.789473684210526 0.789473684210526 2.22138184718375 0.358664144463253 -0.159288510037943 -5.0501451126856
"317" 0.842105263157895 0.789473684210526 1.17440497429031 -0.0521603655913894 0.0967725305056338 -0.128130105565267
"318" 0.894736842105263 0.789473684210526 0.647272730523082 -0.313757929957072 0.12280919504958 -0.217315197344423
"319" 0.947368421052632 0.789473684210526 0.462915122314095 -0.351916409460101 0.227246229182297 -0.897340109521818
"320" 1 0.789473684210526 -1.52566685187946 0.111636656112463 0.158648368726371 1.39623758429205
"321" 0 0.842105263157895 -4.93389463582398 0.626759292761338 -0.363525811318353 -1.81976088432594
"322" 0.0526315789473684 0.842105263157895 -5.03399984557868 1.20929271227271 -0.259429235944699 -6.09044577485125
"323" 0.105263157894737 0.842105263157895 -4.5012377838615 1.00863392914592 -0.210970622705638 3.49836906914525
"324" 0.157894736842105 0.842105263157895 -4.27238685204568 0.295414739289575 -0.189508634363859 -2.47766856493728
"325" 0.210526315789474 0.842105263157895 -4.74086169399933 0.389287573259845 -0.225626385165132 -6.28309472787773
"326" 0.263157894736842 0.842105263157895 -3.19775025111155 0.738654721156061 -0.231698441254576 0.306727583319053
"327" 0.315789473684211 0.842105263157895 -2.26319601191987 1.1324495878584 -0.0249605517097316 1.48328182907748
"328" 0.368421052631579 0.842105263157895 -1.46632471656642 1.07719992596359 -0.116533406704364 1.11819519508046
"329" 0.421052631578947 0.842105263157895 -0.126820109953047 1.10865544491935 -0.106982395741235 -2.81186500171877
"330" 0.473684210526316 0.842105263157895 0.86047427821732 0.841286394460835 -0.0857848324824204 -2.86637103266196
"331" 0.526315789473684 0.842105263157895 0.143008714690767 0.799379282239908 -0.295616280416045 -1.70598535714316
"332" 0.578947368421053 0.842105263157895 0.851760192994138 0.880113969896529 -0.0959968325192471 -0.895646208677119
"333" 0.631578947368421 0.842105263157895 2.3983654548333 0.606905829141892 0.03436782245502 1.75999204422728
"334" 0.684210526315789 0.842105263157895 2.05924407747138 0.317844036646307 0.0960487704137713 -1.75132611549408
"335" 0.736842105263158 0.842105263157895 2.08423824299411 0.480335742190382 -0.0539142325225541 -0.131532879482834
"336" 0.789473684210526 0.842105263157895 0.512204404522225 0.32053152251597 0.00597396765322726 0.190754085184158
"337" 0.842105263157895 0.842105263157895 0.953473664281757 0.360677024029 -0.0344069897776854 1.23355941685879
"338" 0.894736842105263 0.842105263157895 1.07207976114426 0.121030648873628 0.0228366290919959 0.197068970747738
"339" 0.947368421052632 0.842105263157895 2.89143093886051 -0.177270869186302 0.135579952776068 -0.989400618528744
"340" 1 0.842105263157895 0.731909361537828 -0.00883382162167633 0.201051119089982 0.875884888587746
"341" 0 0.894736842105263 -4.44468862628374 0.876011730405315 -0.255869238507707 -4.58596727272946
"342" 0.0526315789473684 0.894736842105263 -5.05874458641995 1.06661124796617 -0.252756402680335 -11.3550579292969
"343" 0.105263157894737 0.894736842105263 -5.3201552663292 1.38832335870941 -0.180477376567229 -9.99771997319557
"344" 0.157894736842105 0.894736842105263 -2.48846381697607 1.40033157507102 -0.282201137109993 -5.22524260514323
"345" 0.210526315789474 0.894736842105263 -3.16595828379251 1.44105196338609 -0.27081631826975 -4.18280532159078
"346" 0.263157894736842 0.894736842105263 -4.13872325642954 1.21523420471533 -0.232495213030496 0.220438688231623
"347" 0.315789473684211 0.894736842105263 -1.34437729241664 1.08171876543873 0.0406138834221333 1.61871967047462
"348" 0.368421052631579 0.894736842105263 0.214417240995962 0.930547187319505 0.0125372825587809 2.69333551085531
"349" 0.421052631578947 0.894736842105263 0.808385941751719 0.738279607625711 -0.150489132802589 1.12371461655553
"350" 0.473684210526316 0.894736842105263 0.366569892110172 0.695929967573248 -0.19434270641273 -1.35671123522329
"351" 0.526315789473684 0.894736842105263 -0.168245302536648 0.496526167205514 -0.242274233666246 -1.73602879939168
"352" 0.578947368421053 0.894736842105263 0.861050280110976 0.73527311217407 -0.250837597438029 -0.339656479946743
"353" 0.631578947368421 0.894736842105263 0.883613728958604 0.410435457015229 -0.109218461714148 0.592917510630269
"354" 0.684210526315789 0.894736842105263 -0.0191478021782445 0.698923260927046 -0.097045218172788 -0.317163086264161
"355" 0.736842105263158 0.894736842105263 2.42485276047861 0.607027872828985 -0.141261557876179 -4.70560525305002
"356" 0.789473684210526 0.894736842105263 1.85115208600486 0.377562017341137 -0.136949929543945 -2.59683589995205
"357" 0.842105263157895 0.894736842105263 0.0854458825357203 0.514559396279541 0.00753821834415932 0.848685255562679
"358" 0.894736842105263 0.894736842105263 1.23343871723519 0.115904752903962 0.0726076016971611 -2.21289203652323
"359" 0.947368421052632 0.894736842105263 1.22260743545653 0.246498965051733 0.0986551591261797 -2.40265606369175
"360" 1 0.894736842105263 1.69535037582129 0.0557680739339335 0.245829506546746 -6.82519862633664
"361" 0 0.947368421052632 -2.94979671733871 0.563225729714897 -0.278302254203165 -4.07025675119595
"362" 0.0526315789473684 0.947368421052632 -4.36152652507605 1.11215439493481 -0.171801202119055 -0.784110175584007
"363" 0.105263157894737 0.947368421052632 -3.23160783191697 1.53780978301144 -0.104110282063382 -1.85377817905893
"364" 0.157894736842105 0.947368421052632 -1.31383749714869 1.58995701185675 -0.206183564757488 0.274845848874383
"365" 0.210526315789474 0.947368421052632 -1.1081252936875 1.10355912249178 -0.210858279980841 -2.35273432878569
"366" 0.263157894736842 0.947368421052632 -1.98666922153782 1.09750397139593 -0.0921681399804944 4.13710462084318
"367" 0.315789473684211 0.947368421052632 -2.03744748111638 1.08084564907113 -0.0241921994128078 -0.249523340243653
"368" 0.368421052631579 0.947368421052632 -0.0818429674626686 0.720786498313732 -0.0814780405352497 0.267584315022305
"369" 0.421052631578947 0.947368421052632 0.272850094268369 0.716729063557397 0.0745176537649166 -2.20558293987963
"370" 0.473684210526316 0.947368421052632 0.681651744928369 0.712563133535682 -0.0828868984343801 2.30605848184313
"371" 0.526315789473684 0.947368421052632 -0.738621558962938 0.522557797830387 -0.221895064413583 -1.41888929419315
"372" 0.578947368421053 0.947368421052632 0.589728904677176 0.484910774459679 -0.37573457940819 -0.780593402024616
"373" 0.631578947368421 0.947368421052632 -0.469322225596291 0.445940139028448 -0.242200384087041 -0.259342526399018
"374" 0.684210526315789 0.947368421052632 0.185149894700011 0.389254288377371 -0.0924288740041834 0.583331840714065
"375" 0.736842105263158 0.947368421052632 1.24451663535913 0.4447583532241 0.0103974905761914 0.629394680447063
"376" 0.789473684210526 0.947368421052632 1.04228812965823 0.540260411485047 -0.11977313056547 -2.83801563350686
"377" 0.842105263157895 0.947368421052632 0.855029672547404 0.771001823022125 0.115181972158216 1.86249656834867
"378" 0.894736842105263 0.947368421052632 0.698074645413896 0.763665774730791 0.179080037717845 -0.612072881557823
"379" 0.947368421052632 0.947368421052632 1.79005398652062 0.582328495318257 0.262028146592302 -3.2093767336117
"380" 1 0.947368421052632 1.97348587533176 0.43561730084117 0.28497634449052 -2.42047938822069
"381" 0 1 -1.44630781027778 0.481777658723171 -0.289644439347799 -2.1496229625894
"382" 0.0526315789473684 1 -2.7838464993615 1.08263718931807 -0.200893929419213 -0.438971637678104
"383" 0.105263157894737 1 -2.6017651090467 1.05079743026267 -0.285916471274239 2.35856902496725
"384" 0.157894736842105 1 -2.15856214892675 1.19239621982979 -0.258283119360837 -1.32432902564739
"385" 0.210526315789474 1 0.236332980275187 1.17462673286093 -0.168583435205107 0.731985055862213
"386" 0.263157894736842 1 0.663250756196629 0.887862200828548 -0.0664654697716048 -0.161065947652273
"387" 0.315789473684211 1 -0.43400474337619 0.935856494256045 -0.0377693284854071 1.03997694487158
"388" 0.368421052631579 1 -1.71470820313256 0.983651505156848 0.0633977101148659 -1.11613227041077
"389" 0.421052631578947 1 -2.43371027040246 0.476572907848642 0.0537340458488062 -1.8184794567817
"390" 0.473684210526316 1 -0.0644542497653764 0.125923450513556 -0.0362474189560532 -1.74706368570128
"391" 0.526315789473684 1 0.305238807262589 0.431895418346834 -0.0219528669889805 -1.33980994863753
"392" 0.578947368421053 1 -0.606641407765277 0.836164451529471 -0.0477561191058486 -0.829987859634715
"393" 0.631578947368421 1 -1.89261564332808 0.409956406990431 -0.177451399359577 -1.08086298066838
"394" 0.684210526315789 1 -1.104465022236 0.448091618776492 -0.0462842114978569 -1.96091710509517
"395" 0.736842105263158 1 -0.557534710303678 0.55880178826204 0.0874173190628449 -1.20088204144428
"396" 0.789473684210526 1 0.645083498285856 0.917254544945842 0.16093729041398 -1.68264472009005
"397" 0.842105263157895 1 0.448531929581401 1.16457428096628 0.10600191190795 -1.10547112164303
"398" 0.894736842105263 1 0.43835210128773 1.10824533226596 0.18618024420338 -2.38821967674335
"399" 0.947368421052632 1 1.48535032351344 0.632907067730421 0.355601256254752 0.329626852079983
"400" 1 1 0.969259984370115 0.38148848368223 0.273452316213349 -1.1999053742499
